01001001000000000000000000000000000
00001001000001100010000010000000000
00001110110000000001000011011000000
00001100010000000001000001011000000
01101010100000000000000000000000000
00001001000001100010000010000010000
00001100110000000001000011011000001
00001011110000000001000011011000001
00000000000000000000000000000000000
00001001000001100010000010000100000
00000000000000000000000000000000000
00000000000000000000000000000000000
00001001000000010000010011000000000
00001001000001100000100010000000000
00001001000001000001000000101000000
00001110010000000001000000000000000
00101001000000000000000000000001110
00101001100000000000000000000001100
00010000110000011000000000000000000
00010000110000011000000000000000000
00001001000001011000010111000000000
00001001000001011000010111110000001
00001001000000010000010000100000000
00001000001000000010000000000111000
00001000101000000010000000000111000
00101101101000000000000000000001010
00000000000000000000000000000000000
00001001000001100100000000000000000
00101111001001001000000100000001010
00101111101000000000000000000001000
00001001000000010100001000000000000
00001001000001100100000000000000000
10000000000010000000000000000000000
00110001101000000000000000000001010
00000000000000000000000000000000000
00010000000100000100000000000000010
00000000000000000000000000000000000
00000000000000000000000000000000000
00000000000000000000000000000000000
00000000000000000000000000000000000
00000000000000000000000000000000000
00000000000000000000000000000000000
00000000000000000000000000000000000
00000000000000000000000000000000000
00000000000000000000000000000000000
00000000000000000000000000000000000
00000000000000000000000000000000000
00000000000000000000000000000000000
00000000000000000000000000000000000
00000000000000000000000000000000000
00000000000000000000000000000000000
00000000000000000000000000000000000
00000000000000000000000000000000000
00000000000000000000000000000000000
00000000000000000000000000000000000
00000000000000000000000000000000000
00000000000000000000000000000000000
00000000000000000000000000000000000
00000000000000000000000000000000000
00000000000000000000000000000000000
00000000000000000000000000000000000
00000000000000000000000000000000000
00000000000000000000000000000000000
00000000000000000000000000000000000